-18.510903621733576;25.76021828973441
-54.84672267000147;-69.36577598087726
-93.58300524302369;-196.1865611595733
-50.817212236379504;60.4354470349507
-18.52156388289606;-96.49882561232566
-48.96975046578413;-163.29648179387362
-47.832291772520335;64.36549414289897
61.73785631360147;-129.73743814914877
-157.328580731159;-137.59134360052732
51.474038938015156;-134.2017865245013
54.588934060613155;35.28002737708215
-197.7428164960788;-170.99636528187742
-36.30557509939149;-189.69363322291676
-137.94607625357196;-132.69644560295944
-194.5474332984803;-84.35534414912051
-199.91608892623574;-102.41893293527447
89.24810900738407;-149.27021088023423
-131.41614825871687;-145.49790640896643
-196.6998295519989;-165.5895900592281
-10.221347491071981;-14.141080479969872
2.478787503886366;-129.79735496551893
-94.81740916825302;-89.52257516562332
65.91828116454019;-179.92602202142882
-56.938434348002374;52.319187266349076
-8.093075536201326;19.97384059981698
-21.85050286750888;-33.082476357875066
-157.5463858093096;79.93073803495645
-38.38184964493945;-151.38010183851975
-196.84113897490775;32.74975261194538
16.040906577357447;-4.002561812274109
-26.517539822415074;-146.15997139103052
-165.2575449195889;30.593311011596114
-103.84855780044934;-173.74545087957867
-63.80830594038463;81.60973816733014
-125.19180369248161;96.06347673502415
-90.9901568536289;-95.74652054418672
18.92947414269912;36.99407411451773
-90.13672109813209;27.737421430735367
-85.33858393033374;-9.925155020880709
-55.66718585276257;87.08636501203529
-137.88728481493843;46.02297205345448
47.868505337050635;-57.58816398059582
53.8989219793844;-36.53111955945184
-83.95609764336446;-98.54023858295898
-159.52333405461832;-145.8587770885413
-14.592297648916087;-79.07242827450473
71.75597377474782;-171.25023954485306
-163.92544841799867;-54.402947074320224
-24.123483036014022;52.942006838291746
-53.96065930074562;-50.45017174847223
47.61352528935464;-193.34446963684118
26.98388108097052;94.6943289929622
-8.872101329597996;-153.88287148690267
-127.40063696473563;72.47266251011303
11.352336542952827;-51.72599460689591
-153.0124156932122;-148.04344897542444
-8.22449312906096;45.68118325722327
62.083942590845936;-190.11595020023168
-20.77978119319215;-43.641245735663546
20.50342759115904;9.83396827701364
-117.64183691146931;-188.48796893742107
59.72746902902338;0.7644741377150126
-19.674894106918714;8.22877705099765
87.66043808301697;-174.1931272213782
-93.37735234693329;-12.591247335007665
-48.78270349376791;60.87134831701377
-124.14719738673983;91.65443089037984
37.46758296276926;-73.97692360849828
-112.52184064040014;-54.97356667099578
-163.4798981646697;73.6617856309046
-98.56058572250072;7.114905449839171
94.15180649172214;-129.76031620930536
73.53441274001699;-13.403302728954259
46.86634461345025;-157.12291141529158
-179.73422403496025;78.94489348809657
-138.3119597409994;-144.6474887813402
-167.26037778546785;89.03050722197884
92.8868111810483;-105.01401720590682
-37.06421007011693;-109.83013128722786
-141.08137610622512;6.052814077952945
21.041207801791728;-136.9157030805725
-180.90116000832407;-195.76776737550546
-145.8281735914864;-98.77616509247116
-19.06474722537115;-11.99200467691233
-52.24301178437841;-50.08964225729437
76.54864595435572;-5.7020226447912705
28.818968390151497;-162.5554073835247
61.86115234065801;-181.59875586922917
-156.01559916615668;22.27919459786105
32.30756839187063;-12.033225424047998
39.78565520509224;-89.3254299804259
-82.01473478759121;-86.44748726750457
86.65783960970333;87.91884051355362
-84.38258058792279;-74.7905905288307
-193.93526095763565;40.95504073219283
-103.83820714646993;44.25440653001604
64.32940757044008;-71.51320533645358
17.635727652444217;12.665404858888735
-7.283667068423341;81.6229467225624
-19.24001716670864;-65.00156532324027
76.07021996323061;-179.39441364130454
-135.04055443161508;-49.69816091844433
-96.70472268689883;-170.15804634463763
-81.16084510057179;-11.025623120277317
-96.63170596059449;-189.7581171699952
47.91215161885799;-45.93515110189986
-15.804707325284653;-15.771579689697688
16.92973646169517;-142.95683621232197
-54.61979137652796;-45.888004894927036
24.097026689671424;56.07839452199465
17.223031701091116;74.5537398194125
-9.795108265511288;-85.58685525857155
-151.65328405674964;-116.12828678403486
-146.79168230832312;-194.81171829828895
25.186631418333775;79.05972818191395
64.11247817106931;-154.8619505955803
68.47747488587288;13.94416503523749
-58.4142740347024;-2.372606340122786
-104.98139876770404;10.521462409344878
-84.03677729416562;-165.13823022159255
-49.2711347653356;29.987625839675843
30.11700413779195;-171.43685311897744
-66.03663064530178;16.54557860855124
53.417412914346954;-156.73791899403355
-179.23624910501735;-97.26361653074683
-33.326174792947114;-192.71492696445355
-117.67780767417882;-62.52853693094349
25.271448921626984;-36.89342345001444
20.3212368816628;-186.12638039848352
-119.35582315900328;-71.70075037313231
-32.89508878859593;94.458918380012
-192.90330419757612;-134.6149752989475
-132.66034026627088;-68.62201545269801
79.27753473293677;-119.78401366202046
-41.90920893962078;42.34415049693837
-112.86755292697346;88.81906347741943
86.35963575353173;-74.95600227628658
-53.331639806651424;-165.86676115960452
4.894407335075073;-15.714335848714569
-102.08412002215233;-71.15941066248334
-68.20103405892135;-76.1374896428537
28.36119686418175;-124.52470869859195
-89.92115113876888;-0.6060760838322494
-112.55276677248126;52.21426884955221
-87.2408028262912;-181.32419422636724
-122.91611799321241;54.65976653877189
-123.08450685432261;-21.089036314313574
-57.23778419669583;22.349796694759675
42.169236025803144;-66.38789398907022
-21.922096556212324;48.80503786272337
-191.277729309642;43.9720169026088
-15.636038700992458;-169.12174073311314
-112.31071910134797;93.6791146148829
51.69789872017802;-172.3074298070473
-153.4772659839274;78.93034012803219
-80.76402996366345;38.98104410364931
-0.7287802581037681;-138.6562970339846
-46.0817066820575;67.02716558097802
-120.33327609755429;-77.05760638404378
53.44217640042572;-69.0320123084399
-172.58533770638368;49.09269001441612
-156.19796187662894;64.0123839579656
-21.42643176350458;-113.94872568531015
-181.0139061634439;-42.9772822808317
45.17041871685797;30.60578933004851
12.416603243080004;-62.505073316077954
-171.67059954022383;45.61009629342166
48.08074632936754;-118.24734327993816
-32.32508820651947;-176.3140346445981
-43.19387501032077;14.753440091553074
-95.99605410080395;-12.163774460058619
90.82981415024784;99.55250825487695
-21.73460241861133;-117.546920878393
-103.60115575670386;90.30869547109035
-98.73284679956129;-66.29951635464087
-60.371603830546036;72.51483963480348
-54.75679871700336;66.55198138435196
54.743266306547554;-24.771149349032555
-144.4712385492034;20.31577594101958
26.62022836389528;-36.552020090284
-62.611195709393115;-186.33033068238103
66.18741217338447;-104.12848261638871
-158.9807450971668;4.530607209156955
-193.0942227422939;-43.10327705089904
76.23755142860136;0.30284816913692225
-23.306055649257644;-121.54276053989246
-156.50277044370102;-11.675546073591647
-16.98000172461073;-180.44172905330848
60.49059429702862;-198.32712169187084
-113.22458959766655;-26.709423207765866
-61.067775964100264;32.41177100946447
-64.84569011503922;-11.731552756608863
29.057272737860217;2.903300932047557
94.67068610026911;25.71660468550715
56.749361879077526;-149.48413687283397
-75.35055575101545;-111.95480534686759
17.005770880270035;76.50249943901792
22.825278138475397;-163.13786728069206
19.19921303817449;-70.4156030107566
-115.88467995505906;-2.9091849992264542
31.40001267835129;-89.73836837250441
0.8416629923999892;-24.392144171103837
-12.560167151968301;-128.6013840796784
94.51212186647763;-74.55160822429187
-94.60472625488441;-125.73543770658063
-153.0570237221442;61.12753287218686
-186.61839182101556;-53.91197017304873
82.11021873202685;4.526908194903314
-95.37081798419581;3.8987364918858134
-22.500305148366436;53.82386887727293
17.154225355012812;-154.12075401538988
-189.42590708725723;-98.53236703712592
-76.96646677444726;-182.8371290019116
84.07005088794602;-102.26370121608136
76.14141325072717;28.217344529800158
-100.49229636817452;-151.25460409818663
-196.56151296050734;-94.79430019229994
-122.35365247991881;-151.4138135795806
-190.44772485362196;-150.62319576846738
95.06725185042336;-115.16051556228192
-33.83081415823139;-37.21920074939638
-60.69512407398051;-82.69529922394392
82.8769686622881;-121.49940570725074
-146.8226113891234;32.37823760125826
-22.37374215676695;-167.0536033109003
31.883593777722382;-136.3481136242691
-147.08341614644286;-14.933562665030763
-147.7757335812253;-140.25365510171255
-90.16981773779452;-7.758809265718924
-12.201400644881204;65.96648196671833
-45.06142622105986;-31.08031529985189
86.13040645347309;-31.29706208862723
9.564465304341212;-173.4600277103557
77.93961007907586;-116.01512981117996
-103.97091093356393;32.05579531000387
-117.35959402758346;-58.8602007119392
-151.81246546409358;75.86458352281619
-174.789921146272;-150.66415754080975
-93.92990054865673;-95.84216104289675
4.92733982118196;67.66827472407192
-27.9735466036866;-147.7205479902496
-126.03961248980924;-199.4274213039956
-49.91073232041123;-44.65640728845591
-25.009910128735726;-184.2202930328248
-12.318105231765003;36.284851361977985
-180.39259648784247;4.9317974018089785
-38.316543944717495;-107.58180002232865
9.06662652198085;-198.17713604232554
-43.192351270060044;94.26076177908806
-130.04431212360726;-161.07524771860852
-124.10102233575209;-119.3000339197575
-28.06380360130194;-88.28011308127363
-139.78965198784647;29.700689686032177
-141.2148698066328;-180.1008794140844
55.75830329226176;-107.19856444988667
4.01181042202208;-134.89646234881369
-100.79979985490007;-91.83142862789563
99.11101446215213;-122.71623393235511
48.087423383076924;-95.20049437865097
-12.905570994808585;66.47233003423855
-158.36541572007428;-9.148957271658418
5.116139658230281;-106.90166298578741
-70.59600772271344;-191.40760022828053
-113.54559663430996;18.090697915732477
96.30100967878235;-193.06936699128886
-195.27084713904893;-163.5719382817714
-55.585154727938715;5.941677472694977
2.1974294831250916;42.13791126138324
-175.72078712568089;24.48098054041583
-55.60667585969915;23.71405303225501
-33.004464176924785;37.48580457852077
-39.226221213843274;20.46454095456326
19.03932739679871;-74.61383257426138
42.267677069451224;-186.73169427468474
63.02288707203866;71.87695893598294
8.209179494640807;76.51758449455804
-135.1226984746346;-22.33021046200227
-92.16475991756452;-166.51760341815637
-50.96611621403079;-174.9375765814201
-46.45834569957677;-2.9933715324074512
-135.94828279055207;93.4346403053782
-177.5605026462024;2.7257226776610253
78.65636115383654;1.0018176747822736
-45.694275338082946;70.675599535201
-175.9773075784741;-189.41272803222336
-37.65399877001829;-153.16313462134087
-167.08225053490523;-40.97434518885973
-179.1320759366006;-85.98926729803186
62.91350672856271;-15.051907039812676
-39.96582976291441;84.76951335712783
35.311183075154645;63.14219947544211
76.69176483103581;20.08771518390762
70.28320858557686;-57.714759766952824
-43.90611369135917;-159.64796416654957
-188.90616764221323;-64.13005320119626
59.55921575154389;22.184226117845412
31.130469506991062;95.73990347936262
-111.14744756839592;-122.17022867790712
-112.13921049115295;-195.30934066766926
-3.8798158543529553;98.38073991778771
-155.34454044978148;-155.65658608797332
-65.46097681815326;-150.65847490351686
-176.7303708720469;-69.82082716896139
31.708212116684166;-123.07883191740247
-162.80941237125438;93.22944875568425
59.51753224888881;-90.81757263696522
32.19542301328741;70.0792657715973
-135.6615287630836;32.34295799973512
-77.00135720168716;-81.74885512624131
-115.65343325859928;-109.63397414263011
1.154462613383032;-43.86520249969297
-7.441159474461841;53.78050047461991
1.5436066551343401;-40.44228272999803
-74.08406804956485;67.74970093378772
-178.55239350993313;24.962481924075604
-32.84688043609583;-53.25194248799022
-186.34017885145948;-85.69057296712215
-19.62201435291695;-5.042371854331691
-79.0234612468926;-43.325244728147254
89.26076675145862;-134.27344492035314
-45.3925458863697;-102.6210192381648
-53.26463337336628;-148.37816482097398
-194.87062757763945;-169.60754687238523
82.0168591898996;6.6457140976470725
-199.23339354685308;-27.53901398871821
-153.67984373814244;-32.1509109522797
-57.82145793676406;17.083146530613163
-118.08320774238035;-121.02138206684238
-47.05849295599134;82.20848426642533
-108.86027183923623;78.43771223742499
-169.90835924864007;-142.48015943326806
-107.47026493936804;-195.86232271926522
-183.21794074883098;27.56788983597204
-18.355578799871296;-24.331754676576793
75.10605485936833;-110.9701337714807
77.74039143167784;-1.0627376406415863
-163.39289935281022;-173.25035027127723
-92.52276012132917;-1.8188744747720875
-115.28661873205064;-156.54785731282055
-105.80291998712622;-1.6201445482610382
-107.9682313383074;-23.376052136569513
-5.89729659049425;33.790497137286394
-129.24006312074215;-87.28149290550111
-8.302743634838976;9.908566980816602
-34.80775107910554;36.20420584925674
-31.52560054744896;-121.87710443740298
-70.63765043426329;-162.7628888341327
-144.20029820704332;-10.722185508959996
44.666981204040496;24.10533984369394
-120.60512291464991;-169.3647089213424
-29.876222229636426;83.56150988670953
-41.0998848485921;-167.69229671484274
-197.70861059988596;-142.40590833624378
-50.125003590916265;-171.33163050563164
90.360130414308;-124.77738704984408
-74.39598172473265;-130.16167131265954
-91.89022922308044;-196.68605823422422
10.73971837751347;-68.04443446167849
-62.363843812250025;-114.98564724873815
-60.34112904631067;-5.838736572185098
-171.6503598547427;-82.96788053059542
88.70082468186024;91.03028177593245
-142.13578962852483;-150.24205180260026
-84.81963727556465;67.30631687923108
14.601031051342659;13.179004933909539
-84.13941448491062;97.96618372736737
-115.31387751896888;-142.942052723821
51.14242432332938;-80.35153351281136
71.79947718560499;-62.841779052593324
91.1498713974479;-13.821967139352665
-180.7277860448947;97.97208771415251
50.364433936543406;-64.7975778499331
-168.49327158828294;56.547839873959276
87.48899037791386;-92.69885124009046
-60.524206958176336;-30.77827192588731
-148.93528462110237;-78.44938024098433
-142.05836865351372;32.553228067899624
-34.51622750239804;23.380357805466645
82.09846837845237;-90.92907203249588
-23.995789487772896;41.52126760918463
-115.56331880076178;-196.19948433396885
-123.26539507704646;-136.17534214562406
57.659800147071735;95.7581594136131
-19.246938757184182;-3.5024839474808687
-199.5866031155208;22.008373920993677
-111.70665398997498;-27.620518988341615
70.37983506065086;53.419604401009536
-121.26137084580098;-99.52066153433672
-175.48708692858924;-63.690364205019705
12.004897399200473;-149.00846636321774
-22.634120564123066;-50.46083660952735
-64.25060955906596;-135.9497152940271
-163.6637589427556;97.17748288100182
55.74869294769235;97.40182974004784
-161.67359249331858;83.78827970480063
-76.61276821290417;87.14447152524372
-121.30619365034498;-182.82454302632175
-157.89323815193055;-93.64395217457549
-151.47717000017607;29.96237093150833
-118.60259630847618;59.57698673817822
-157.6550465828376;-27.54062622402435
-173.08515981507387;-120.52486063418681
-138.69675163230553;-100.7590483391159
-100.13885027290515;51.40050442689187
-79.17526459928267;31.680669289562275
87.13108454440965;-28.984576895049088
-49.57874153734855;-191.85567327552758
-119.6665278090934;8.88549677475757
-65.21774925011422;-54.829618469827324
-93.33950092667716;17.347804039840128
-191.26036525628834;63.534282241042206
29.468555555635902;10.184714149872178
88.16817573066834;-87.81879070441916
-82.94602027066526;-90.12786015445725
-46.23562372198958;-146.64861590765315
64.8367579127758;-156.4157824206792
-45.89315297561919;-188.67095166275192
-10.710352859400643;-16.65641180490789
-105.74155393747891;-138.66520884853236
-115.53660695249887;7.944520045152757
-176.48871238651458;8.725131913747589
-67.72352316926737;-59.438170135567816
20.46121514213371;52.881351534848164
-58.90505201931205;-191.62932988763632
-120.23779876695981;-99.47811895551824
-80.34153803466648;57.192925094405155
45.71893137307043;64.10990371249454
-15.286799112828106;-124.16461359454696
-93.61902251438991;-96.30653931139551
38.65828723632828;1.5669157643674794
-93.0181780352435;88.6350398273695
58.88538042757756;95.21564911701898
-158.11217540284838;0.4345737380817525
39.76013550939845;-51.41286431138391
94.83387016598164;-182.15092026204564
-74.62073703250807;15.0829040397862
-188.9471310739894;80.66296268928573
-116.07445141631177;47.750366159756936
-94.75881364484981;-46.48236383227032
13.64137832330647;-13.6642558615942
-110.2233872327604;-48.02370328629141
-47.41800815515475;-83.93011553890537
-86.7046595140287;-23.491082046995388
-59.66948868442563;56.445052032523904
1.0749011284268875;63.50180881512506
-80.1531989642155;-75.8105471548648
-30.2654450177821;77.75308092240755
89.40323450382425;-112.58699711388364
61.9848058512124;10.82461008684507
-194.5056133530769;-161.80851392037818
-173.4989351136671;-124.37934929584188
-99.7051060794692;-63.29435173701418
-33.47268044041357;86.4194773627745
-156.96826874703285;27.14016018723015
-144.97122841813749;-108.35641432200764
40.660648753180794;-165.05431210360217
60.28623037586027;93.31611329194288
36.18609291143622;46.97650807780349
-26.00909865197653;-58.12479642591032
35.4451784355181;45.0061948094243
-90.62163645849498;-41.619600939255065
82.77141973322307;-105.21363885781125
-165.76593948710556;49.07625657332906
79.55673365944665;48.61182757561494
-181.74663737984932;-198.13707022423594
86.6971779390986;-88.57797606049603
-115.81213598696358;-139.76421684048444
-184.93207160961555;-106.35616106940027
-75.087653269135;-32.08305602575979
-75.74762946969625;19.63061398998593
-34.34054280886545;44.55723750616605
-191.75166797407252;-56.8495646156411
82.82057255677961;-37.53790523747401
-121.66497675232182;-197.7331177985612
69.64542083722802;-32.539190450793654
56.720748807141774;98.48866411056309
71.32130820466006;54.31132004141111
-168.41615030180878;-102.5167446125574
78.69545330793352;-127.19419161306634
-155.80631372417855;-116.26712683832828
-34.17142734723288;-67.3973276396672
-5.412571099755809;-110.26262846526636
-82.52920543700472;40.67990658426257
-150.58897962243788;-90.83710296556445
92.24869826877853;11.967577327252599
-129.28668282970548;-192.86605357640371
-161.61838093924638;-140.51080287046514
-6.124149979592744;-153.91321493462206
-81.96618375045124;61.15359611848322
-161.47971270362387;-156.48830774989233
21.3213941863616;33.94950877797879
-177.43113295552425;-66.20598471081794
-114.65711368994714;21.157178890616166
-47.75815473557253;83.49068801906901
-136.3883358767706;-72.92893525884297
-133.1695688342846;-192.58754184115676
-84.08846474607338;-46.18875223014831
-115.25703385609847;-74.76125245338471
-111.89163357481043;54.71235914339948
76.88364717269548;-170.1020053896653
