26.242403158744423;-20.404934298790394
-61.718960314414836;50.85131643366063
-2.325605733102037;-84.01086427963995
95.84062143885234;-58.4587579787399
-11.32809912185138;-15.90452350500371
85.83539824258887;-79.16090228191813
-25.837551148082085;-92.79403297159254
-56.24529313451945;-66.59135656681781
44.814841717324526;-0.10577761731056512
97.7341181144804;-1.1274161248716865
99.7734479197965;55.42969285895322
15.678790398065928;-79.67855799745621
86.99666866364373;89.86508568655961
9.874233215317972;-38.613699046119976
88.14754489022297;-54.09106327012001
-0.8976856830687154;71.247343836223
-37.24606300967914;-27.68007600932458
-1.424272186696058;-1.018014901338816
-50.16592840417744;-95.613041842203
66.63754073894975;4.979777613778353
67.7442162613425;42.90356913150811
-73.77523393887756;17.445659776130483
47.95971547132618;-85.85415635495247
37.45385674527424;-36.77036830105613
-30.80627386142079;-71.28187487614241
-90.78894716491328;44.45899114534396
86.6291539635188;-36.476319665016696
48.42281201472633;18.133988900761565
-33.33366437763554;-80.73318127505993
-49.18164372544458;81.03526739855937
96.90831531008567;84.52806520969457
67.67760903434731;44.255263632583706
68.06957126667763;76.27872072933445
-57.41932764622022;10.997026142694793
28.450311200645473;28.25623044723406
84.26580402739103;-2.973974579977906
-53.608060580608985;64.45041576549912
44.631907589438214;89.30033828851495
65.96864661789971;-64.70188434937354
-48.881313008808206;35.55149465387518
-97.63017175387529;-86.15975640484501
-15.71221645487067;55.298266039206254
48.80970628744507;-50.9514571305502
-3.0419359703026885;-66.40967091741597
-22.190993590696095;-1.8089868809067866
50.33896755629678;-81.24896234739624
-39.071056279207525;5.159615003090096
50.798989019275126;15.649468391916585
-48.24014069819711;6.3335022292937
18.05485846844516;3.6801359475215634
26.25235289352503;-75.27245964170217
6.482436179958356;-2.4713370659270595
95.0274829517827;14.748507376880227
-14.133159694287102;-12.498712522665684
-64.79918911805672;72.07423423319622
70.57470037593819;-17.39443371441365
24.87122733997846;-64.8986337827593
-66.20805713416433;-21.19988098993815
2.560429288426505;46.705634066522464
-72.9779429386032;-7.307929535228169
61.154678052656806;90.65300569449545
-56.928991703180685;92.52502624205928
-8.30464482762278;55.89122914276831
-88.91501423639548;-78.87420946705181
40.41291731863333;54.401653215647485
-2.1622171247150277;3.9864755984548026
-13.331431168254596;-5.352014611894603
2.7727504696887166;3.0537672072270112
27.2528715823221;59.71809038108674
40.08407000136722;-58.59559314703282
73.15724011715818;-2.6440354949455127
99.47687705927345;-10.480205543270387
-81.30822642876201;23.07311290321448
-30.35242968169463;22.96901441331744
-73.96958374612963;52.64118209898015
-7.897124351415613;-24.344893460688866
-96.23776673625181;-74.42959741239248
89.49759790863118;70.10037094601688
-1.4499646284191527;85.47752556284087
41.53984018259047;6.128259757927253
2.2521909985355535;67.7608606550096
-86.0370577817149;-16.29544498617264
95.81885012100219;-86.45630263784108
-43.05172456084685;73.6293536968912
-14.335451429048135;29.71495410640739
45.37246844645469;51.764339481680764
71.27549085703183;3.5068308504970958
-14.993939966123634;-45.118205587684066
69.18765786991528;83.29644445181316
96.3455806721939;33.84471696686188
61.00062530386177;50.5985566835065
-61.91791310723802;12.436515754046297
48.16420094038128;-23.75389572903299
45.03021288146181;14.27937757887085
58.23586257837147;-65.24820044485698
-68.72615953020886;-19.52669300836496
-81.565659016631;-41.14706773619974
31.94547810290763;62.7081228833282
-42.525913216613496;42.70398731137121
75.78734108451025;95.38880011273326
62.828484627192495;16.644306068898345
25.105943095319745;31.647142556349564
-63.443915373552365;5.604086522761449
-94.62869782746142;-40.52350690642144
-67.70422820288965;-94.64867243641642
-13.312138356677949;-42.81746065126049
62.18757548918663;5.648740000139711
3.395958269843561;38.271321612787716
82.14258707655645;-76.9387754740381
-94.92942001707567;41.24069147489669
30.53343453841123;-7.476501427921491
-63.792997028170475;48.93243170861345
50.609171932195295;43.62836378279226
-44.2898598871732;40.41224664423788
75.34038653035662;-22.04263235851893
-39.290920870215615;-88.78515277960359
92.88524259395521;-65.17775740182516
39.612240830985655;92.5297377620987
-12.84593653091963;71.6253082382944
55.42275004112406;12.436870664750145
36.31830054634992;-47.52322263048534
4.064275605101187;-25.250344429475916
85.3253323848497;-0.24532565634636683
-30.520698437783437;57.90706666805076
-23.007214912052618;-67.84655637686615
-53.75284641392146;-14.461725275843662
-0.05408961641084886;-48.26488454342328
99.51376195748045;36.48874016885475
-64.11671439325406;-38.94266029555609
43.61882011007714;-34.06060042924115
-20.15041381333363;-16.492194584784457
-51.4265672440557;69.3740723382594
-72.88061106100506;12.356888854258656
30.300605738812806;53.1723388357907
81.57736650641755;43.135730878487976
-5.108823126939143;-39.347362272987716
-37.70483189574778;45.45828697477907
-3.3080156328079653;-99.00734411480923
62.219692373307;-43.82385515983876
7.33406947306004;-53.90787442581999
-93.76075805879427;70.11032606474521
-76.4594320505209;-18.859161628591053
-99.09511357737564;-15.703437619950634
36.22865576509787;-43.97872376122998
29.28601232463373;80.4069571701049
61.74732372977806;-10.259639297365155
10.286537279051402;-39.88272094728029
-9.170194962538417;-68.30704940549334
95.33138621357949;-96.70018540508194
30.616303520506904;-17.43772668743469
71.77079582179968;13.820481538033931
-41.684457189485414;-11.476408238251665
66.28277198459091;51.29973331367387
-90.37363564425067;70.85111541677566
-46.52278373161592;-3.4123209462852913
-48.10584647315499;-46.598607268023365
77.09737494305233;-6.765466470272102
52.37483180171262;-1.6133027790181274
4.0628552268942855;-83.58438243458852
35.02197039398462;-84.23884652598042
70.91514505994104;-36.88115035895279
48.744847781785154;-14.556597183128758
-75.86265973104463;84.31733727383087
-71.55457250350392;-23.004803842195713
-18.466878845345164;-70.58451147386462
82.93532132734003;-34.87964762824869
44.35973797025744;-70.23932378082638
-33.40956710081504;-90.37458978734372
-79.42176455783665;-39.64161278931826
31.19110785330048;-98.9804977076775
-98.8677239028915;31.246318664629058
69.7051018760292;58.17459631302984
83.41691225422221;-80.55466524930985
71.76231492549311;28.27295388973195
50.114725615970485;-69.61233930278064
42.6687864662361;84.75818538210041
-13.888055893188806;-87.34346401129804
-97.12229758725918;-88.07338789792571
56.78325702908995;-88.48053645706688
65.98974463059415;53.25582831270253
19.062616078404005;40.70147480671642
25.207980279972958;99.36321439764396
57.36706455042281;-20.582531617100514
79.73604695906792;19.780099523724772
-35.035174408296044;-39.16168302628209
-21.073524883790995;9.491744167465939
-13.766445941417004;-74.84567747316277
-5.2215794850583706;58.899420247396506
98.29155363934294;-80.6046971362516
-32.39864427254733;37.26809123928885
66.27095834270997;0.2554354316538223
59.68526365539694;-42.11999163566165
25.146008615184456;-65.54768226489693
-27.650010246509638;-47.06364544068153
-24.32694653584855;-48.654636381900595
-64.12216836061384;-21.722451451319273
-43.39854984963305;-76.22796873758196
-48.7554796385796;18.48770816830674
-25.376521688671147;4.06838309615982
-88.28373516713364;-9.137012896311063
-91.917351662903;66.299475805042
82.92524721451886;46.83896731806419
-38.0691222731788;59.13147364402619
-95.10360322975777;95.40077160797625
94.30052435181022;-8.176928594663408
54.29734332445082;38.87167051879311
-86.99139000889802;-13.262142526540927
-84.8986055187561;-65.511955429292
-85.25954942933467;67.71273636196196
8.357953501348447;71.10532517102638
58.94513205083868;33.54644867732466
-22.359013677291543;13.847443129371712
92.31003613340579;-67.83789755317133
42.86448229639271;-29.284397423418753
14.574920465630498;30.674963513665176
91.96503201662415;-38.61588474194249
12.817575945060526;18.429263313285006
37.83690218116837;36.65247415962952
-51.87162141411443;27.09013748123911
-14.212884963958047;-16.25204376071406
41.65551754726394;-85.45212465503428
-88.28128007437431;5.8218251085822175
91.9008798781689;-34.74721640084566
-63.29356540222053;-38.71843045727515
51.257096426424965;-66.21548158700561
39.60806081380119;17.826374804354657
44.8299130579355;5.255185528055591
69.50950369794296;31.4111051554529
-58.08951856066449;3.098380939210614
63.327468814864346;33.30878899570533
-61.89459799681547;80.29328428996564
-91.07052461654499;49.278770704767766
70.44428659684769;13.485289966286757
-40.61792335048682;47.77068283119107
36.997532421359125;-3.0754306610783146
87.00934183785776;26.076960459368138
-55.996392771780364;-75.34169912101139
-93.22837506290071;-71.46650341347257
-16.585965816285153;77.41959333678184
13.885282906266625;42.330601959691506
6.468207833175768;93.06277698112137
-87.85296439657178;97.1184075907303
6.44582140879433;18.334663136230887
45.490920414570326;-57.51543840824347
29.103816905724557;-82.44683495879116
74.73002213020058;51.5591983760053
-20.562476720672507;60.39503944637323
-3.672948135058334;-31.0444680480543
-78.86733970238133;77.74074484050729
-48.35711599565489;-69.83778526159794
83.52997455922647;-12.35757375532242
-5.201855895549826;-2.3722041891300876
-18.497683729809978;-74.130976950297
28.77998471197978;-60.27313012643374
51.19136681796047;1.0587414135335962
27.15450776821791;3.3903410773855853
41.63210618774153;-78.26969958999697
50.96973244610518;41.128563480311925
63.268380263623925;-89.35686496550544
80.26013128881851;-15.870036091799193
8.527488405865029;83.2928704837511
55.069025201102505;-19.844428563374606
-33.00966166454431;-85.95580453482302
-16.164095708433138;-95.23285859475014
80.7029516213498;-64.70261527431248
62.28977444465758;-44.30302401447841
50.39174488154126;86.81635200235206
84.27547329273423;37.91860977175995
24.863755062601626;-27.873745437486377
30.204491964258523;9.912260016170094
33.8168097612417;37.023890004520524
94.91303363908554;64.14968513943273
49.53137535046682;-11.372410610027714
-3.332584625320294;1.602533994116655
25.01190853803557;-59.85791689902056
94.88345629196729;34.2034883711419
-0.9680916182521742;-63.961906706889415
-86.10021746606166;-39.83599202473314
-44.538735875968904;85.76852928912336
91.41780859002981;-70.93683713302545
-87.52847405025348;1.9090386191049191
-84.03599149026715;20.78010387967251
-32.144778826846164;47.89389149813573
40.82569001301158;78.62363162185972
29.58501904920746;13.240811675661533
-79.10259265068069;-90.29354149050157
11.682780072772815;86.89776733077866
80.14183479454599;-43.384444630383825
-92.1817209603512;-50.01607520906788
-30.534972664280758;95.89080459633064
78.90237078782013;-83.60347234726244
-70.4301338966151;-2.8441410900196047
85.99820561206488;-15.40519748406281
50.48348556120516;-22.462539486162967
-0.4803237648635559;64.43139799642762
37.760743223434076;-20.07170181072631
-28.05248425977767;-36.78639808836914
-32.07252175257756;11.7967208321421
60.11967572608336;98.13324560931628
79.90746779022047;-31.78617261899204
27.622127988435466;-17.11155920471026
-72.61462068746681;-81.50237931051964
-95.94586266675276;27.457230760042805
-30.848267701507766;78.25902721639645
-41.57893024708981;-24.98301729787798
-98.68837081714092;74.40591429634418
33.47369266057137;52.12002764534893
-94.49686059652748;-57.858340206522186
-38.617254872537245;80.7816415371399
-37.193698478739876;-30.881516015656103
97.86044436020242;-78.33358230576553
-7.879180269662413;51.48292027651084
25.238062663954807;-14.741362785651475
-16.537214465514566;-37.12630806803383
92.7699630164912;-84.9401811290764
-1.162477863728924;-54.79254623780041
14.029638664808957;56.492277150993004
-8.477996141918553;38.7019759103849
-58.4859341982106;57.4547857332208
92.05599950893279;37.97361497680322
-29.342307643764315;83.8493129390248
3.7325502931914656;76.76591285319182
72.32366717420044;-14.976586242388706
25.7452712864318;28.88861869663583
35.682667152571725;-53.028494291062465
-92.93247122904138;-86.82903425338068
-53.733125387005764;-43.19214425338056
-55.85627693261181;-41.91710762650802
57.86256228731489;45.169964471854854
-15.525786210734523;-94.969121112507
34.66959088381239;-85.82796515190776
-15.32283764368097;61.01340778411429
-96.30591918478405;-75.00177942125103
34.85290322592513;-16.506776477033796
64.15627800450702;-47.083229495408
17.256024256341334;7.975770563530887
-78.21477623538277;42.68899916472287
5.134663417390556;-63.58049007042024
-51.503412403924976;12.92881710127169
30.355881157799246;38.37054913699046
60.67307130106542;21.57686628062629
-43.87865768963621;22.083897784062145
-88.22436393717454;-81.92776559041401
-64.9718244813815;24.206772416941476
81.20524878448069;54.72649112031516
70.19524927081432;13.008198696794267
-93.64192558464728;-71.97028932971497
-80.49755244708881;-92.7379646370444
72.42060057436456;-31.776639762528447
30.85334060757171;-18.60301367750327
60.371345598864025;3.2964649110018343
44.08903913118786;13.568304154644835
-92.5683540823785;1.8293226086708785
-42.12716336905915;35.8306841935499
4.141288942885055;-78.54429232223872
-21.340088293338596;-2.0621973069816733
80.39521254041003;91.23602672293566
-48.81403544839793;-97.64609974328677
-58.23165603217346;-1.1349342293599278
52.991360761314326;72.60985612289869
49.94708601563346;90.7968199595048
-16.951030799012656;14.482706313852091
6.181885840152091;89.12560184329658
-48.04147829107723;-49.60632125329476
61.18444034423831;-31.666326304849363
1.5580696346738705;45.24203093419601
93.95750988193936;-17.967228047660328
-12.630691577629108;-35.70965250528056
-27.38850625492644;1.55420575722502
-18.802327276179383;16.320043046602663
-94.27580224803445;-94.51040971396145
-48.55671705125464;64.44640893548711
-88.84121743530304;80.90544586514864
-36.19074686079864;-0.6087292970113651
67.5871393720185;-76.46181891258587
-87.15778047694467;27.67393876280653
16.847163685626953;-2.8593058939362663
-17.84132760538104;67.96649723770832
82.20231298294698;93.46846168526471
58.881583003821504;90.87082298207943
-16.5128103510676;13.762926081039197
-94.55099269028699;18.698311432478576
85.9415843444061;61.75996418379549
-34.79146594121703;2.10388227839195
61.650445650034555;-81.32710708669902
50.56534967097025;62.81054518893444
53.86307352293193;-46.59969588386703
41.88048625666687;38.41025129236394
9.028656043179396;-46.695053050355085
48.855127884276754;17.698909625691613
-25.9026102293179;5.715635608942435
64.70864359329926;-93.15951927907888
41.28129705665765;16.451608244587646
4.603620913229307;-50.73311030128191
-74.04906994187274;-84.64084002983374
98.91388212039615;6.822539603561367
18.177683455773817;82.4414909122957
-40.56002404174575;8.90278365159294
61.36546537012123;14.218730938057632
53.470128530975586;43.99850089865683
-4.651963883894908;3.6522303845724906
60.37739707403105;44.28521125999481
-25.590517614629533;-95.7802631026593
15.848951270599798;-84.2681100189308
-57.28202372150797;-91.12599916540154
42.187911341708684;37.626850016925886
78.05773941734387;52.09052170750991
-6.065514119304922;93.23065663395033
64.0588969159441;-28.333627697114466
43.26717551571127;-21.174451231270268
-37.42347199788767;35.13864599182523
10.663890177678638;-66.35416229830781
97.26062746057346;86.24632128640852
51.198409489771024;33.77412285943612
79.24512072707051;-9.455989583047824
39.35620303768167;-82.69320587743863
7.486333177128259;-26.780352955311713
-85.99637558954103;-48.956024407116686
22.263505177471714;-81.88486283955908
-6.779968223168538;59.802160276583436
-67.47666848318602;38.90022112299019
-23.291413007957715;-94.34894505625675
56.464402067447566;-58.604950366932385
95.04046257426594;-8.900511544584802
-39.041179745803454;78.93679537122856
24.61743092196862;-54.93599291342095
2.154960314385164;56.92824892885352
81.35879188868736;82.60319049876139
96.19165255308351;-66.92096272953717
-28.96256900294891;78.36690464101025
48.271077861089736;22.221945966543586
14.871437387271882;-78.80644918664115
-12.885787952220397;-93.55172251329809
-5.037132152781425;33.52867429533177
-46.69203471091661;99.69457490167335
98.20819266625728;-4.260726247270767
-27.221750087982713;-50.709352505719394
-93.70111954383475;50.903751653920835
89.58078654424403;-6.005674945109746
-11.598510262632061;31.140506243499942
67.12851023802384;66.70454169079892
46.86474058147084;-98.93544768066963
-27.41146641957792;-6.0969302302716955
46.81157172796159;-11.697612873658954
24.566097935301485;-50.70360638626998
-58.86122067477311;-72.63654409235252
34.697352403494506;-28.30790663620381
-92.88568266102833;-91.17840905921673
-0.03465640391351599;78.35521558276031
80.41327474354352;-50.54980534548741
-24.38505564214634;-82.15587910431243
87.02122990497045;-28.838831527264702
-0.04565632746091808;12.754501384421928
73.09579113193598;39.41244657224834
-40.97247655885656;-22.524842488580376
-43.71997205872671;-84.08533766410949
51.52793558422624;62.82771940506359
74.83078355844324;-41.469402159317646
82.61130135137353;-47.95028372327819
27.989479673978494;51.18360221214934
27.65621573462147;56.280997432563
-89.98242026864571;-24.56964815299922
-36.53857387050472;81.04068552635837
-84.69115445850841;-4.562752772326675
89.70205972092879;97.56199240401025
-27.723058282339522;55.76054826168087
-59.542124876672034;20.873618982443375
-41.93220765737908;-40.29402886079314
-10.485559057257461;-93.4864588877718
86.55070180081148;55.01370505898194
52.74884643172689;-17.957663689663477
43.00339585846902;13.559833077740095
-62.243044398698785;84.74149923405244
-69.54424634016499;-83.89253695498897
-90.37866717343681;-71.05400179506717
32.53513276324918;-23.937355017413125
-36.90062196433366;-98.0847354187886
35.029916401362726;-50.3456905788382
-62.00502888689074;47.3023020347226
-27.146807004490995;-1.3334442780892601
94.92834560640665;-41.58063225493886
-24.595780298435272;6.719845509725204
-61.40724236272026;95.76052966429279
-19.038214285923644;-88.12875863970953
73.61176520274489;67.04516406248763
22.258110153012538;15.492430240114288
-90.21704187013273;42.84900597968158
43.144379728349975;-55.56082253786445
82.25412772893588;-14.517939861164805
-56.06370068521722;-63.64083003148089
-14.29784415882797;-26.244720555847863
-66.69659336760576;44.99054975817421
-19.057416037875583;27.516382924178885
99.30291845954213;37.53181269735103
3.0551943965519257;-85.43255894320757
24.800030649801315;83.22716150861666
-91.26834234869332;-44.821982315610896
-45.32910318724333;15.039855547749156
-33.40962089324766;-20.588450593037336
-93.10409058689201;24.771188937626704
73.75137342728297;83.81080129568383
7.920320161930334;32.7367766678735
-87.3281155200589;60.361892413142215
50.40311223232041;95.24526643609025
-2.647358002620564;-98.38216496997309
-69.44370992940333;71.76040506135467
90.08778346274212;13.733189857407694
-85.89057841844155;-4.268462364961351
27.947705411851032;-62.19754187955733
41.92888420791033;10.539450309719939
34.61582562457616;-15.857626091897743
-44.21364102686911;-72.10876968367936
2.4313674268237975;99.9914255947615
-63.660097195894295;24.048422448669626
-62.46805209432724;-75.93446790557769
63.67593784590716;-26.65637913480478
83.03743053839264;-86.40815359162607
-98.95919300315083;-94.80069896126533
-78.80763985717675;-98.04074890407739
-2.63303741257981;1.9712737080613323
-4.2282696985408705;39.7741717697092
-67.08663110438711;71.62812313647333
-67.55675845845504;-34.88398602518936
53.61636968504587;25.42242100494198
25.567135156666893;-97.81624219963328
64.56596016368567;-69.61501782867734
72.13474649726922;79.07379151202525
25.509245615320623;15.548125989529282
-51.27534608121857;6.138249011026687
94.86376208014426;-95.91729950380612
42.858434830454684;73.76841483760103
23.099119624290722;-46.790035724955835
-31.496601054228307;57.23820165211592
-88.56746584991045;5.50252851905833
-97.02162463661412;67.73861706554754
-21.42835691571814;-9.715705683532619
31.919975362430222;-42.431622945876015
3.763856891873502;46.76259446740727
55.31163134771964;-50.63808693042058
-24.560840126757498;34.608302171343496
-57.88480883271154;17.754085033613308
84.80390685891712;80.0196072943661
-62.67325981087255;-83.02045602660789
-32.43399685431321;-89.33389680253745
-96.76828497453388;-67.39360731386597
88.49448466611048;36.70339739244582
49.66299072070589;-29.707377102023244
-44.89243817909205;-78.17182028173215
15.275393649546416;67.13859940491275
82.47714623403084;82.29859080463021
-69.8611314836977;-72.92659509162003
95.52399945999454;45.50517830102879
93.25200588478805;-86.28390984199714
-45.1924638889823;57.119396171792204
-73.10358026987818;-43.44749510877952
-10.250721482377486;-34.44217154516376
25.14263135877499;-29.78216490730776
78.54587954179001;-69.44075150702933
-70.37222050279735;-52.830224434129455
-59.95723596296587;56.837531988228505
-48.631845766672235;-52.055640150410554
0.2248097797249642;37.672007374158085
12.253755977314057;-24.63104938523557
-33.450430370351654;23.074438382140656
99.90072233251647;56.09430262036034
-4.162901624606064;13.79071483564364
-92.43193341613613;-23.844561174991412
-77.59954734792338;53.543925378249924
-71.87436961360166;-23.761092636453583
74.69947580640869;-53.78288999906684
10.705742679744247;-78.26521453020618
-59.075993635645794;48.03783306186895
5.482498168005719;84.89172245471136
-74.938246691693;-98.04531462873483
-73.55998132109751;56.110171569123025
18.06792137808044;-17.58042021479973
-32.30556992164064;-1.1567240174521913
27.436465601210827;-83.50324730123096
-29.804167021833862;-76.46486532139814
-69.62691018757357;-51.199713745520505
-99.38966967247178;-83.60225250175397
-75.8759039640656;-99.66700419632836
88.91607134359805;-70.76869469040126
86.58164956939697;88.33691268905503
-91.32345910131016;42.0828780291811
-5.549634360766447;96.17686327004563
40.11900722718505;-19.874167453434353
-43.593728927581196;-12.315176193559111
48.35216234870373;1.4167328575105387
99.04456510946193;34.750095475638005
-97.2376388301471;-93.52087225184285
56.794041617407885;-58.366843704975246
6.297952970606076;-46.02346177801833
-6.590070762106208;17.53514606270936
-21.2480768362975;92.08359102092106
-87.57677536151868;-47.29761182564602
15.280601271546175;-9.569916946232723
-60.59623959884768;-31.917615475358716
-66.99279494530452;-23.931739720389885
-13.861781143008514;-25.648481622084148
-84.53636701125387;-39.042825167135376
98.98063153429692;79.71472060882186
-90.42546319100985;-21.431483364377897
36.6807437573878;-31.027189283770568
-29.929361044310482;-66.36650998475582
-81.27160284087176;29.129309727123655
11.747673385665095;-37.4215654388881
-91.84814508461983;-97.26267616056829
-28.457383307276203;36.798002431603635
41.87556801488;83.63045008818517
62.96335166655612;60.22153317584707
-22.63595053911797;-74.3878023736792
-70.61799260657595;-45.03302751804987
-76.40402114701163;36.45954008848196
51.19248265242132;-50.56988151988806
75.91805124391144;-45.73575562736709
93.69157984808024;89.0019802481414
-12.043449091169407;20.043485886936693
60.971049605493874;59.47809762051662
-28.76701052876672;97.21762924782269
-55.005431212119696;-16.2125701757176
54.25114666898233;48.95429639360219
-41.45127582619688;-21.317348557422704
-34.07265682379786;92.91221313579715
-19.726666910236418;34.7663589135976
-4.381884204144427;64.68445675074199
-0.13842723164665927;31.16357475248398
-99.98174302502156;-21.83179009930754
-55.74246576660975;68.54293492530252
99.0231495746616;-39.763267194674754
-63.60486863938084;-33.760923307786754
0.059738730159807574;-77.61882563767946
-86.81744571783926;98.63691136254158
7.565309858487851;44.91904289677362
37.32973627131585;28.719154254853038
-87.82991702071303;9.955314958949984
65.83480230581091;51.77729336162196
-97.44655165831067;-27.058041087744343
-43.661553978831826;-88.72449971891677
-72.51152469949199;69.71676491652929
25.720079959372583;7.043932058963037
-69.88575253054779;94.64875559249327
-71.60035597552373;13.79594239507405
-71.2326623032234;-82.36422927722026
-34.47695865135023;9.120581845395279
-72.51247492971424;62.004012287744075
-32.457444070589105;-12.23831635282886
29.51197819389742;-91.15668858974995
-0.9777011538900382;-85.68518916165448
-24.022009752621102;-33.51094529571638
12.182100306363267;-7.186481964922024
79.78106632574594;-33.644878443799556
36.26649146533393;-82.51780632930252
-42.1459622832993;-45.99542041231002
-15.10016656734328;65.07741240498342
-93.49304717599236;-81.31367572190399
4.544850286574629;34.10363091569974
-46.19472813618266;-71.25575883645101
-17.557276440288277;4.322446644870496
-59.52844927207141;-45.50620726140953
99.19369889249299;-21.410682182247243
-56.20152876778563;-53.550644471842276
71.57633337366434;-95.1464515734171
-25.88453476679588;-18.736640494272876
-82.60761304890625;48.24828801309445
9.516384477726717;82.95219841930435
-37.704175103870966;77.99896301720622
-59.49319172032759;70.7083862311618
-42.02565718452371;78.83026091098489
66.3471156003128;-84.21339335123565
-78.02840128951757;3.9273107450388522
-38.84884078830828;62.2381177101056
-55.76853539529536;-10.688186141217543
-66.5913986910105;38.13121697136049
82.95510927227303;90.84095280795268
13.08307873819443;68.3561827309874
-64.11206095432738;-20.599780741531987
-82.29492549963226;-93.2132528461051
-74.2306508635576;66.33089054743567
-78.82260418737211;-39.138354438476554
71.72071127393806;-13.591613461173012
94.12445164451728;-37.06642531886564
42.930255597248305;16.722721749604474
-9.181652475316056;27.663407449279333
97.89261271164983;8.267561093830395
90.22275566801588;-62.07875368801494
-74.16208279841483;-95.31426530786477
-9.007784088572151;-66.94553483505837
-94.21072608738052;34.02199505026101
-87.45365067847641;64.35377096675455
82.68203032870284;18.879328962606863
-6.413835848247729;-70.34653877839476
-74.5016482547332;-57.22336337967482
-25.401529332313714;-87.03701428967693
-21.787068708632233;-2.3413880846101733
-50.9955937043659;92.56417810142392
56.34639605308831;28.830008713897513
81.14101714999674;-20.87827263338866
79.28615979800432;38.77729023700164
71.88148689817845;91.00504984014864
46.468777398880405;-89.0369899753078
68.62032141253854;58.41916502156471
-69.25354445493066;-14.330460342460327
-80.60284993023254;20.324059566107636
-4.100884181475834;-31.724473805237196
18.72209652534937;87.64268596359085
11.34440109958554;-70.7706959075281
60.78831460861667;-77.584364338575
48.02160348282837;22.590463940549512
27.827180810706324;57.415523956920794
54.132197363564615;-17.585511564216233
36.456510876679886;54.365853942013956
-49.805486408705015;-37.8599933927197
-89.26153856985464;-52.37423186107208
85.57474461262223;-52.68144773189116
-98.89259377678763;70.77472248163338
-21.233746858004437;7.743232557372508
-92.41415266661657;30.347120516413185
-25.58043899265128;-31.535416940028014
1.5546189048900771;-15.507123839564699
81.01698742527267;-28.93135652716228
93.95333312956504;-61.18365258564544
-75.27900730676393;88.36607386746482
-53.830083862647804;-93.99970014541927
-75.45603124235296;-16.843044630091157
-92.64413491875825;-6.437929114191874
-61.227092409888904;8.245270469541353
-44.456660152206105;26.39405827518671
33.346606430548775;-77.7473138610759
-86.16992344200082;-61.42225375586208
-0.8232955614275284;65.85836027408075
-35.29556578787904;-5.604172474286415
80.30225723832442;32.796107633624416
-79.00456443380837;17.986278756439873
-64.64258371610347;19.61946195835121
89.50124435870407;-61.79121384897104
-34.935219416294586;-67.19015103140205
11.721316649379077;-23.073686649206238
-20.027623382367636;91.01831237037919
-18.763852058991333;23.650449104510756
27.4214762423357;-36.19576815644421
-29.19398779200293;-61.70549412652553
3.081642056170921;-0.8947924935259266
12.816073708065815;-38.25421973118925
-97.23337595984525;-98.13625324873043
-26.995907648964163;27.818265605996004
66.9967224152958;25.30960461730261
32.918217242766445;-72.39615634160268
8.338327427279552;61.582462145148924
96.94110915187758;39.03768621445505
-22.961918168550582;-21.406566489838113
98.73470024481142;-51.78450885439465
25.180418157647225;76.03439256541415
-67.90820143042421;-10.596596350229404
86.01348145297459;-42.45900298744223
-50.82928879881534;-22.491360932035988
-65.70405705842998;46.82775359073628
97.51905047633193;80.96875356826249
-50.466146068720505;47.908423292897226
9.344669426886838;14.86014189978863
42.78055485815574;92.96731277868861
67.57062935435385;-45.93116818669032
23.829879065542613;35.840165843900195
-27.628682858156978;-14.503489005257435
39.06886821573016;-52.71648361926147
-84.6960528478689;31.227370027175624
-31.268226584162633;-70.9229856834446
-72.61323696288451;-1.3585025790679737
50.11157689321857;50.33713707489284
-41.92297928194275;-65.37862767623835
81.23007080587757;-14.17004723000555
-6.609974651147212;-30.57383617062274
81.73116126236093;-20.857815926177878
70.43353284894258;-59.94976688704685
-47.222982637042364;57.03909186479075
37.87489233467301;-25.07204931321027
49.77906534678846;-82.42098085689793
-52.9928925442418;44.346057317967734
-8.406324005866608;22.579162278577414
27.109092578857783;63.07524067985415
-75.83970684474409;89.55179905654845
-64.03910206059888;-8.495477862495477
-10.867189175678547;26.32406932758076
-61.66485470367662;89.13520885591814
-23.851522717626466;43.297158477640295
-17.075934134593226;92.87592292595505
12.730750945230568;5.4737712057751935
85.7437822462507;56.369720204172836
-76.80118831249432;-26.210490450714104
83.9617752543245;-70.88061569907416
48.37560149926338;-71.38545790240386
-13.389889079043883;-52.065258880330624
-21.158535380269242;-14.933858134806172
-76.9294141136927;-16.504655936064182
15.88776688539977;-32.91475776807712
-29.22625570077699;49.149044036095404
56.7053305678123;25.083251554227502
91.41112980758683;-41.18215251212833
-49.26272330566748;93.80191658636204
14.836304868448536;64.77549995541807
0.2049637329037779;-21.359823493821395
57.37343255524996;9.964161277445015
95.12874940069392;9.982862423220908
31.601916389955875;-75.26523456822719
-48.61547158829751;64.03920095467669
79.13170423631956;36.41476622974412
-42.19483712817822;98.40733739676648
1.5743744742578514;-44.35396854261637
14.41805433409013;53.620162831253026
-25.658810257561115;-64.76236260506587
37.76465844765494;-80.85239593192117
62.79953184384709;-58.51673903842401
-65.39560207038544;4.094656865292663
53.15344117612253;-66.25206032129552
-31.96929024273271;-11.434305338846372
-97.52417088517524;-31.323913283031686
99.82180737548322;83.33131328926163
-12.254440136532722;-98.40597972898696
-63.78293865530726;20.45701615403715
-20.215778684268557;-81.71612079782251
20.541836219547577;55.995312400325304
-21.578031611327248;2.4295435989916143
38.112790439245146;-66.87608360127695
-27.29797358252415;70.29800317358715
-30.139145250439483;-50.31875299496522
-4.184834853124414;-58.17951560321284
-6.2584623780763735;-71.54667373171353
-63.49077966536045;-92.04032791801578
-92.29676785848469;28.741399586623345
66.91758406562195;38.635437009110774
59.6896924870606;71.42675481067445
61.7486012717913;-62.725620519982314
-0.857755970795111;39.66137406076933
-43.76635661146595;98.30847489599736
-31.0797017700084;56.107984966299654
30.460983262522547;54.71215840338482
-44.162581348037165;39.384444980508334
-86.08362297938194;-52.141510094620756
-13.827518070980332;-64.87979165636818
1.9636126173835748;89.91384705586859
-62.76633031004082;83.87037892479967
-75.50945950196405;12.547175586073294
-66.82479330813817;-55.268649029900786
-18.672699180696583;-48.982387305023735
-74.30678032031652;-81.04852792759036
69.82157592045505;52.86597209643847
-60.73629241768486;87.96836168469213
32.34473458482455;-41.22450174041219
-90.44154166905349;18.675398733015896
45.53279006069536;16.50437211719901
-50.547713293098106;-5.082685330562043
30.379092895631175;22.814114065822636
56.054949974969134;-55.372444603129956
9.942517978951386;-90.93617306799256
92.87720329221267;-60.451042704811876
-63.220704159216126;46.19820584618046
-22.59052029600251;73.45644017384933
-15.54200609567178;12.857340869953049
-69.31993383973712;25.018902825899758
-80.62831725027047;-1.3058923212906848
-37.92286971725043;-26.86911719833749
-31.193503200201093;-78.13712153746081
-46.87672498163238;24.90299237149422
50.99364393253498;-60.8163116324826
50.166517845670654;3.076806779612724
44.71917925787332;68.94256391910943
-23.060472028518703;-91.85546248865226
42.61777874327282;0.5557055098465327
48.7345291753123;-36.46353068826276
69.2283955192135;-58.094595884997325
74.73046740236018;-81.11499040680008
-78.63529831584772;-47.192104815616844
56.38319813014954;-17.895498311457374
-17.343459691356003;48.82206361325058
57.66818507967133;-38.17505350994412
-95.15756779436066;-75.60357411818306
-31.109461681921772;-29.794836660436047
-1.6119083160377414;98.50904836489275
41.61397576414166;87.24506906440081
59.986197438753095;-20.291840013472793
59.03384665587589;-83.85794386017515
-19.121359143910283;65.36127878786564
68.37141168091259;-66.67153117438791
-24.55755017935755;-29.268936272433038
-87.94371442019484;-30.438082283537085
-80.37267313861673;-15.091960719837871
-60.93334488282886;-7.434579501599188
7.350962931360883;-70.85661289171068
44.411128765265886;-58.36872608926551
-25.287591742690836;93.1907349570642
-0.12304622626663786;13.776597421769893
76.95373477761689;56.22611076785557
29.26697052948731;68.54769429299773
26.430493473141567;13.883108189193251
-37.23504713052219;-73.32161567003075
-46.81270188266029;-37.98189926464575
13.775279904904124;-50.03230196415769
-43.83625153743667;-13.189583132956813
13.938008904418055;68.14179268958722
-2.632656904281802;-55.32785182106961
-48.12539662887012;-80.77820324737849
97.14237031582601;29.805407025036033
-72.8306831562806;-84.44296377689551
63.63294071658851;94.75506459705542
43.801951738694555;26.547036108723375
68.19853561304012;83.80182071787334
76.21732318510726;10.849802843094409
-78.63474124138352;88.15186979696162
-85.4097604829023;-87.94094262041963
17.356621959557202;81.28139994138391
-90.13904476614094;-57.55912306249882
98.46395120453005;-85.48259430176421
-34.44002093173482;27.75929533562919
-64.89793524777096;-49.781516316943055
90.19239500550285;15.621288008395425
-96.41984971021486;22.36520111106104
-92.70291401969874;-55.80185564170963
6.905848088138271;-73.50561290740609
41.78991489795544;-82.58719665429224
-34.71714917629254;-72.61020352162741
-72.10147563473024;81.27219121358604
-2.665549895743837;81.3702178955449
21.455647928189236;-34.42933100399246
-98.57983450558523;-48.72375791721404
57.74851888310454;-5.1866716097785
-82.99814074410091;-59.031471493469056
-43.69334935917251;34.022501507033155
65.2462144199772;36.79982351363461
-28.261006112180326;-23.349168411993986
50.31136860287614;25.28878772894778
54.769068423640164;-21.60011511867137
28.760390466585392;-29.46347670485163
-51.317784066027514;42.93296715365
33.72877474935902;-6.965382742512645
6.009630729458237;-85.04324062612385
38.096111258338084;52.32526627011174
-30.805757675519786;-59.05120070846239
-62.35771032489832;89.16254184403113
-56.10359526980415;-82.15929656036349
13.839282890837424;47.15884261514293
-74.97142147163541;14.908122923907172
53.32592154877119;61.73839781812046
1.9865751784117833;31.93266176911328
8.99033612417017;66.39678677079769
57.41913492054999;47.994301534930884
-33.83693892625624;53.12963827938938
-85.18236629805634;35.673310004704604
98.4371389157584;-58.00728112073239
-81.96842222359953;73.44472638510993
88.2070125313733;42.5371619172019
-67.3150872368514;-33.658349369396774
26.838059812168197;-52.931003047153055
-90.54283282144394;57.657700193584816
-17.968915245552196;29.499031787556277
67.18989420934972;-59.90115068021977
-17.219841663693344;82.51211362748
38.05042024832568;48.747845312992865
30.12034287640708;-77.77189536898454
-5.674827768101082;-55.91785067205499
99.75883671428645;35.20176592182443
-67.26929785940916;-23.782920707697343
14.571772279875233;20.29758579425733
7.846895372568909;95.46599820209866
55.00007976587011;92.38663965494581
-66.05455761696892;-67.78558997678755
27.54031632096587;35.852703818213485
67.42270719432636;-85.1460990998221
-91.04534209261111;-24.510202920741463
-2.9610248772904697;-40.73182039389967
-64.2763925337152;13.284672979424798
16.971247933047692;-19.180949338197564
-11.850537269884214;94.75624693389483
26.94087149611299;-94.82028238911184
30.139183969817623;77.3651131437662
-67.9731726851945;41.93711324781958
-35.55416199976982;-98.26146011995989
-58.25905858920804;85.11155957179375
52.02981586536876;13.752056285554275
-64.86206883401275;6.776488036634603
60.3201066940745;25.093556004552454
47.25111389227109;13.578895508648486
-91.65245339551831;-33.42271083503927
47.70183884761374;41.83436061800617
90.05399380705222;6.9145802851903255
12.4563433977696;-7.040280736046967
94.6954991783895;-96.95981019831909
64.52566343963989;51.54819120564602
-35.698322535020694;-42.953002253897665
-6.318088821150496;37.54883409340607
21.282730810433478;-6.4068747643974575
20.876046955446938;55.24659952611756
-68.17080081367494;-80.67019568619014
34.71803310550018;-46.924398486192146
14.004304819471145;-10.26605398288281
-25.51937280521568;-47.09512028102607
96.89241297749837;7.136417714474064
-51.95064629965089;-63.9695840581886
58.47124440197024;-93.01023747427017
82.94948451161818;-79.46490336874514
76.49171877755049;89.48963720008993
