45.197087130775884;27.789730985755682
44.19537260398326;33.364342386248474
52.43301676913159;20.226690750613866
54.188706618150874;30.013517518641155
58.814111727358906;23.612413613760744
48.66238311479327;33.01948050211831
47.407296844902525;20.561276723640926
45.23140729498267;23.34257683084031
55.081343084369905;25.860494560937646
43.38725981787277;28.38598596453008
56.60418436005081;21.088061994056886
51.62819135920131;26.940776852232062
52.29117938402161;28.509091018849553
53.295886727930096;20.238739378116698
58.63426255396082;22.169228263255885
52.08285559925453;24.858416443348574
54.263114733050955;22.6270852186762
41.53034352232927;26.662144314739834
50.69182165181001;36.59022653394831
53.32644367200213;23.770913109007306
56.26990654628014;36.33619603959743
56.238212499920365;33.59223616013255
52.8959415622704;38.17946842697556
40.2895188656852;24.242691280280315
55.157114195448834;28.472877218969046
59.59762501064969;36.07107505803029
46.27597760155602;34.925666695651294
43.77317094379664;31.09291777893742
51.5750310005368;38.24356333609734
43.28221459824576;25.50515285669217
45.239325192410796;39.25805421631314
48.11727875138456;25.43702370354829
43.82565302605792;26.349691512739675
44.69298343035003;20.640302475793458
52.39753129682937;26.636214462875788
40.64787029175748;37.72164830558603
54.41557564271576;20.99850057914131
51.39846824716628;25.457209890910093
53.80027148270468;23.832422677362246
54.12907088323005;26.74214801530014
47.45779929232275;39.611158809133144
55.484749710040774;31.09076437269559
59.655891962703734;31.36759298714548
42.87058555441974;34.25229347205537
51.37353745769681;36.02829332881036
48.933618619160306;36.01678935154121
45.62859751661477;32.89961963177079
58.30820326211909;38.22314901404872
46.26654349719886;23.28286481003584
57.97633857143259;39.746559996884294
55.47106387858793;29.994196152648477
58.05087516516696;25.071396358991144
58.139193936216756;28.792681938675607
58.22245088922969;33.61960102640108
42.294996571307145;35.67307999076007
54.197555430448894;24.83083740266226
42.12457694446886;21.695812096805533
54.04598118218868;38.77461880085177
47.68551001169921;22.513417053214287
56.571994436260105;38.29477872759227
42.20492021193837;21.478066677704067
43.311345281877585;36.26509500101192
49.433788259957154;38.17895833614604
53.40069875832054;26.579342149964738
40.434106469101145;38.67190688923937
51.3050755865314;25.711261513713104
56.774640514635564;29.19042451650533
52.27990200143826;20.517082912728636
45.16596639823704;28.787271666380487
51.64949350756653;28.05807662040993
44.99875342809979;24.46279287524897
52.636080894222246;39.45899675502224
52.48988929013304;30.37047272758077
48.79488858345095;22.29406931029674
56.04922697002382;30.50191084549799
42.83304670951691;37.455322833273016
59.953690594624106;37.31284753495606
45.09787251996776;36.97939673677938
47.913498111243854;37.368553816500736
42.31546690889456;23.12428390820875
56.568833747018786;25.82768131257941
57.67281810496268;38.87767593956066
44.727045107415165;29.157388788682994
47.715630150690345;31.33145250842724
48.71472212946943;39.37085551763877
57.43278240551952;38.76741511656432
48.735257843444266;32.854051685496685
41.55704927238068;38.18663944882434
44.42524818062342;32.33917329349639
47.6898849484538;20.592193625052776
40.19629053728203;35.58128409814263
59.163092447680306;31.55862549055486
43.585967880866875;25.684855312766828
42.28325105164533;39.63712516431321
41.338706273492164;37.23397196358803
50.46503321621787;23.16647257817317
54.132294130528024;26.8970447300992
40.98037728179522;23.072460932900526
46.387526467729344;23.1617158934337
57.29730175345921;30.555336506730686
53.513338035802946;35.59358073108552
43.00026982717828;26.935046265876345
54.639153691947676;21.581368539663465
47.40757264888323;34.97066118105891
52.35124953335724;20.353348255756657
51.770409510443514;38.167703812935436
45.71347054032573;27.886791883307268
47.546001833345;27.960027255284352
45.617219759605334;30.894090758835954
47.91169978327738;26.739936086041794
42.52103058759075;29.273728958062655
50.18476750433058;38.780969402271
46.18198281943529;36.917086385153354
41.02055227679651;36.73327115221781
42.96439706341202;29.73916451185619
48.696748026826995;25.165170832052357
49.68546930453648;33.717759192933386
50.17210467919065;21.237590014111163
57.32221359888507;28.563836230269974
57.622815954080885;39.938522598262296
