1    0    1    0    2    |1    0    0    0    |0    |10   
1    2    0    1    0    |0    1    0    0    |0    |100  
2    1    0    1    0    |0    0    1    0    |0    |10   
0    0    3    1    2    |0    0    0    1    |0    |0    
-200 -200 -200 -200 -200 |0    0    0    0    |1    |0    
ressources : 10 E1, 100 E2, 10 E3, 0 E4

>>>>>>>>>>>>>>>>>>>>>>>>>>
1    2    1    0    0    |0    0    0    0    |0    |8    
3    2    0    1    0    |0    0    0    0    |0    |12   
-2   -3   0    0    0    |0    0    0    0    |1    |0    
==========================
-0.3333333333333333-0.6666666666666666-0.3333333333333333-0.0 -0.0 |-0.0 -0.0 -0.0 -0.0 |-0.0 |-2.6666666666666665
3.66666666666666653.3333333333333330.66666666666666661.0  0.0  |0.0  0.0  0.0  0.0  |0.0  |17.333333333333332
-3.0 -5.0 -1.0 0.0  0.0  |0.0  0.0  0.0  0.0  |1.0  |-8.0 
<<<<<<<<<<<<<<<<<<<<<<<<<<
avoine: -2.6666666666666665 unité     à 200 €/unité
blé:    17.333333333333332 unités     à 200 €/unité
maïs:   -8.0 unité                    à 200 €/unité

[34m=====================[0m

1    0    1    0    2    |1    0    0    0    |0    |45   
1    2    0    1    0    |0    1    0    0    |0    |41   
2    1    0    1    0    |0    0    1    0    |0    |27   
0    0    3    1    2    |0    0    0    1    |0    |63   
-198 -259 -257 -231 -312 |0    0    0    0    |1    |0    
ressources : 45 E1, 41 E2, 27 E3, 63 E4

>>>>>>>>>>>>>>>>>>>>>>>>>>
1    2    1    0    0    |0    0    0    0    |0    |8    
3    2    0    1    0    |0    0    0    0    |0    |12   
-2   -3   0    0    0    |0    0    0    0    |1    |0    
==========================
-0.3333333333333333-0.6666666666666666-0.3333333333333333-0.0 -0.0 |-0.0 -0.0 -0.0 -0.0 |-0.0 |-2.6666666666666665
3.66666666666666653.3333333333333330.66666666666666661.0  0.0  |0.0  0.0  0.0  0.0  |0.0  |17.333333333333332
-3.0 -5.0 -1.0 0.0  0.0  |0.0  0.0  0.0  0.0  |1.0  |-8.0 
<<<<<<<<<<<<<<<<<<<<<<<<<<
avoine: -2.6666666666666665 unité     à 198 €/unité
blé:    17.333333333333332 unités     à 259 €/unité
maïs:   -8.0 unité                    à 257 €/unité
